556,327
555,327
555,328
555,329
554,328
554,329
553,327
553,330
552,327
552,330
551,328
551,330
550,329
550,330
549,329
549,330
548,329
548,330
547,329
547,330
547,331
546,330
546,331
545,330
545,331
544,331
543,332
542,332
542,333
537,332
520,329
514,328
525,325
532,324
533,324
534,324
520,330
521,330
522,329
523,326
523,329
524,326
526,329
526,330
527,329
527,330
530,329
531,329
532,330
533,330
534,330
535,330
535,331
536,330
536,331
537,330
538,331
538,332
526,325
527,325
528,325
529,325
530,325
531,325
536,325
539,331
539,332
539,333
540,333
537,324
538,324
546,332
512,325
513,325
514,329
515,326
515,329
516,326
516,329
517,329
518,326
519,326
519,329
522,326
528,328
528,329
529,329
534,325
535,325
552,329
567,324
566,324
553,328
552,328
583,320
561,325
561,326
560,325
560,326
580,319
581,319
586,319
587,319
572,321
569,323
568,322
566,323
565,325
564,324
563,324
563,325
562,324
562,325
559,326
559,327
558,327
577,320
576,320
575,320
575,322
574,320
574,322
577,321
576,321
575,321
574,321
580,321
581,321
579,320
578,321
576,322
586,320
586,321
587,321
592,320
592,321
593,320
593,321
590,320
590,321
591,320
591,321
594,321
573,321
573,322
572,322
572,323
571,322
571,323
570,322
570,323
568,323
567,323
565,324
564,325
581,320
582,321
582,320
583,319
560,327
583,321
584,319
584,320
584,321
585,320
588,320
588,321
589,320
589,321
590,319
587,320
557,327
557,328
556,328
578,320
579,321
580,320
541,322
542,321
543,321
551,329
553,329
543,331
544,321
545,320
547,319
554,327
530,324
531,324
536,324
537,331
538,323
539,323
540,332
541,332
541,333
542,331
533,329
513,328
524,329
521,326
524,330
525,329
525,330
532,328
533,328
517,325
520,325
521,325
514,325
518,325
519,325
520,328
522,325
511,328
511,324
512,328
513,329
504,325
505,325
506,323
506,326
506,327
507,322
507,323
507,326
507,327
508,323
508,327
509,324
509,327
510,324
512,323
512,324
516,324
516,325
516,330
517,324
517,330
520,324
510,325
511,325
553,312
553,313
590,298
591,298
582,296
582,297
568,300
566,300
566,301
560,303
560,304
560,305
559,306
557,307
556,308
565,300
564,301
563,302
596,297
597,297
598,297
602,298
606,297
570,298
570,299
587,298
586,298
584,298
577,296
577,298
576,296
576,297
576,298
575,296
574,297
573,297
572,297
570,297
568,298
562,302
562,303
588,297
589,297
590,297
592,298
593,298
594,297
595,297
599,297
600,296
600,297
600,298
601,297
601,298
603,298
604,297
604,299
605,297
607,297
587,297
586,297
585,297
584,297
581,297
580,297
579,297
578,297
578,298
574,298
571,298
571,299
569,298
583,297
561,304
557,308
556,309
558,307
549,316
549,317
548,316
545,319
552,313
549,315
548,318
546,318
546,319
544,320
551,314
550,315
559,304
558,305
555,309
555,310
555,311
554,311
554,312
556,310
555,312
554,310
554,313
566,299
557,309
567,299
567,300
567,301
568,299
572,298
572,299
573,298
575,298
564,302
563,301
564,300
565,301
551,315
550,316
552,314
558,306
559,305
557,306
561,303
547,318
544,319
548,317
581,296
583,296
578,296
579,296
579,298
580,296
583,298
585,296
586,296
588,298
589,298
596,296
575,297
577,297
592,297
593,297
587,296
588,296
589,296
590,296
591,296
594,296
595,296
595,298
597,296
598,296
599,296
591,297
594,298
598,298
599,298
602,297
603,297
605,298
605,299
606,299
607,299
604,298
606,298
607,298
613,300
614,298
614,299
614,300
608,298
608,299
609,298
609,299
610,300
615,298
616,299
616,300
610,298
610,299
611,298
611,299
612,298
612,299
612,300
613,298
613,299
615,299
615,319
620,318
620,319
621,318
622,318
623,318
625,319
626,319
627,319
628,319
631,319
632,319
633,319
634,319
651,323
658,324
659,324
660,326
664,326
664,327
665,327
667,327
668,327
645,321
652,323
657,324
657,325
614,318
614,319
619,318
619,319
622,319
623,319
624,318
624,319
625,318
626,318
629,319
635,319
636,319
637,319
650,323
664,325
666,328
667,328
638,319
639,319
640,319
641,320
642,319
642,320
644,321
648,322
615,318
616,318
617,319
618,318
611,318
611,319
613,319
617,318
621,319
627,318
628,318
629,318
630,319
653,323
656,324
655,324
654,323
654,324
655,323
659,325
660,325
661,325
665,326
669,327
643,319
643,320
644,320
645,320
646,321
647,321
648,321
651,322
669,326
644,319
646,320
649,321
649,322
674,327
673,326
673,327
672,326
690,322
690,323
688,324
689,324
688,325
689,325
680,326
685,326
681,327
685,327
676,328
677,328
678,328
684,328
676,329
677,329
678,329
690,315
690,316
690,318
689,319
690,319
687,322
686,323
687,323
688,312
688,313
688,315
688,316
687,317
688,317
689,314
689,315
689,316
689,317
687,318
688,318
689,318
678,302
678,303
679,303
688,314
687,320
687,321
668,294
669,294
669,295
670,295
671,295
674,299
676,300
677,299
678,299
682,304
682,305
683,306
689,320
688,321
689,321
688,322
689,322
688,323
689,323
683,325
687,325
686,324
685,325
675,327
676,327
674,328
675,328
673,328
672,327
671,326
671,327
677,327
678,327
682,327
683,327
682,328
675,329
677,330
678,330
671,328
670,327
691,319
681,326
682,326
680,327
684,327
679,328
679,329
687,310
687,311
688,319
673,297
674,297
674,298
675,298
678,300
680,302
685,307
685,308
686,308
686,309
688,310
669,296
670,296
671,296
671,297
672,296
672,297
673,296
678,301
679,301
680,303
681,302
681,303
681,304
684,305
684,306
684,307
686,310
668,295
676,299
677,300
688,320
685,324
687,324
684,325
686,325
691,322
684,326
669,328
683,326
680,328
680,329
681,329
686,326
687,326
686,327
690,313
690,314
690,317
690,320
691,320
690,321
691,321
686,322
685,323
688,311
670,297
675,299
680,301
680,304
681,305
685,306
685,309
687,309
687,312
687,313
674,296
684,304
685,305
679,327
683,328
674,329
676,330
673,329
672,328
672,329
670,326
683,304
683,305
673,298
679,302
639,277
644,279
660,288
661,288
661,289
638,276
645,280
646,280
617,269
621,270
645,279
656,286
657,286
657,287
660,289
628,272
629,273
639,276
647,281
650,282
651,283
652,284
653,285
655,286
659,288
659,289
661,290
662,290
662,291
662,292
663,290
663,291
663,292
663,293
664,291
665,294
666,293
666,294
667,294
667,295
671,298
672,298
673,299
631,273
633,273
637,275
637,276
641,277
643,278
664,292
665,292
665,293
634,274
635,275
642,278
632,273
636,275
640,277
622,270
624,270
624,271
625,271
627,272
642,279
613,268
614,268
621,269
615,268
616,268
617,268
618,269
619,269
620,269
625,272
599,267
600,267
602,267
582,265
582,266
583,266
587,266
596,267
608,267
610,267
623,271
593,266
593,267
594,267
603,268
605,267
605,268
609,268
606,268
592,266
602,268
604,267
606,267
607,267
607,268
608,268
612,268
612,269
613,269
601,267
603,267
588,266
589,266
590,266
599,268
584,266
585,266
586,266
588,265
589,265
600,268
601,268
609,267
611,267
612,267
622,271
595,267
597,267
592,267
598,267
589,267
591,266
591,267
598,268
568,267
555,271
568,266
569,266
564,268
560,269
557,269
554,271
554,272
553,273
552,273
548,276
545,279
556,270
562,268
564,267
562,267
561,267
561,268
559,268
559,269
558,269
555,272
549,276
571,265
573,266
575,266
576,265
577,265
577,266
578,265
579,264
579,265
579,266
580,265
580,266
581,266
584,265
585,265
586,265
587,265
571,266
570,266
572,266
573,265
574,265
570,265
572,265
567,266
556,271
575,264
566,267
566,268
567,267
565,267
563,267
560,268
551,274
550,275
547,277
542,282
551,275
550,274
547,276
547,278
546,278
543,281
534,289
532,290
532,291
533,290
536,286
536,287
537,285
537,286
529,293
529,294
528,294
528,295
527,295
523,298
512,303
535,287
527,296
526,296
525,296
525,297
524,297
530,292
530,293
531,291
531,292
533,289
538,284
538,285
524,298
539,284
541,283
544,280
534,288
540,284
542,281
543,280
543,282
546,279
547,279
517,301
511,303
535,289
523,299
522,300
520,300
519,300
514,302
513,302
520,301
501,301
501,302
502,302
503,302
503,303
504,303
500,299
500,300
500,301
505,303
506,303
541,282
644,278
648,280
648,281
649,281
649,282
650,283
651,284
646,281
652,283
653,284
654,284
655,285
654,285
633,274
658,287
662,326
663,326
