532,305
533,305
534,305
546,305
547,305
553,303
554,302
554,303
555,302
556,301
556,302
557,301
557,302
558,300
558,301
559,300
559,301
560,300
564,297
564,298
566,296
567,295
567,296
568,295
569,295
570,293
570,294
571,293
571,294
572,294
575,290
576,291
577,290
577,291
600,281
601,280
602,279
603,280
604,281
605,280
605,281
609,280
610,279
611,277
611,278
611,279
612,278
612,279
613,278
614,277
615,276
615,277
616,277
617,276
617,277
617,278
618,276
619,277
621,276
622,276
622,277
623,277
624,277
626,277
627,277
627,279
628,277
629,277
630,278
640,280
641,280
536,313
537,313
544,315
550,316
552,316
553,316
554,316
558,316
559,316
560,316
562,315
563,314
564,314
564,315
565,315
567,313
569,313
570,313
571,313
572,313
570,312
572,312
573,312
577,312
578,312
579,312
575,311
576,311
577,311
579,311
582,311
583,311
585,311
586,311
592,310
592,311
593,310
594,310
595,310
597,309
598,309
598,310
599,310
601,309
602,309
603,309
606,309
607,310
609,309
572,293
574,292
578,290
579,289
579,290
580,289
580,290
581,289
583,287
583,289
584,287
585,287
586,288
587,286
587,287
588,285
589,284
589,286
590,284
590,285
590,286
591,283
593,283
593,284
594,282
594,284
595,282
595,283
595,284
596,281
599,281
600,282
601,281
602,280
605,279
607,278
608,279
619,278
620,278
629,278
631,278
633,278
635,277
635,278
636,277
636,278
636,279
639,277
640,277
640,279
641,277
641,278
641,279
642,280
643,278
644,278
645,279
563,315
568,314
574,312
575,312
584,312
584,311
587,311
586,310
588,310
589,310
590,310
591,310
596,310
597,310
608,309
585,288
586,286
589,285
591,285
592,284
594,283
597,282
597,283
598,282
599,282
606,279
607,279
608,278
609,278
609,279
632,278
634,278
634,279
635,279
637,277
637,279
638,277
640,278
642,277
642,278
642,279
643,279
644,279
584,288
591,284
596,283
637,278
638,279
639,278
639,279
583,288
602,281
603,281
606,280
607,280
610,277
610,278
613,277
614,278
616,278
618,277
619,276
620,276
620,277
621,277
622,278
623,278
625,277
626,278
628,278
565,314
568,313
571,312
578,311
581,311
607,309
610,309
586,287
596,282
615,278
621,278
624,278
638,278
618,278
625,278
627,278
535,305
536,305
536,306
537,305
538,305
539,305
540,305
540,306
541,305
542,305
543,304
543,305
544,305
545,306
546,306
549,304
550,304
550,305
552,304
553,302
553,304
555,301
555,303
556,300
556,303
557,300
558,302
559,299
560,301
561,298
561,300
563,297
567,294
568,294
569,293
570,292
570,295
571,292
572,291
572,292
573,291
574,293
576,292
577,289
577,292
578,291
579,288
579,291
582,287
584,286
584,289
585,286
586,285
588,284
593,285
597,281
600,280
609,277
617,279
618,279
620,279
623,279
624,279
625,279
626,279
522,309
523,309
529,312
531,312
533,312
533,313
534,313
535,313
537,314
538,313
538,314
539,313
539,314
539,315
540,314
541,314
541,315
542,314
542,315
543,316
544,316
545,315
545,316
547,315
547,316
549,315
550,315
550,317
551,317
561,315
562,314
566,313
569,314
570,314
571,314
572,314
575,313
578,313
579,313
580,313
581,313
582,313
569,312
581,312
582,312
583,312
586,312
587,312
573,311
574,311
580,311
589,311
590,311
576,310
580,310
581,310
582,310
584,310
585,309
586,309
588,309
592,309
593,311
594,311
595,309
595,311
597,311
599,309
604,308
604,310
605,309
605,310
606,308
608,308
608,310
609,308
620,275
625,276
628,279
629,279
630,277
631,277
632,277
632,279
633,277
633,279
634,277
619,279
630,279
631,279
624,276
634,276
635,276
573,292
573,293
574,291
575,291
582,289
580,288
581,288
582,288
591,286
592,283
593,282
622,275
623,275
623,276
626,276
629,276
630,276
565,296
565,297
569,294
576,290
621,275
621,279
622,279
636,276
637,276
638,276
563,298
566,295
575,292
578,289
581,290
587,285
588,286
592,285
561,299
562,298
562,299
551,304
552,303
633,276
560,299
596,284
598,280
598,281
598,283
599,283
600,283
601,282
603,279
604,279
604,280
608,280
601,279
603,282
606,281
610,276
611,276
545,305
548,304
548,305
549,305
602,282
612,277
616,276
594,281
594,285
595,285
537,306
538,306
539,306
541,304
541,306
542,304
542,306
542,313
543,306
548,314
549,306
555,304
510,303
511,305
512,303
512,305
513,305
513,306
513,307
514,305
514,306
514,307
515,306
515,307
516,307
520,309
520,310
521,309
522,310
523,310
524,310
524,311
525,311
526,311
527,311
528,311
528,312
529,311
534,314
535,314
534,304
535,304
535,306
540,313
541,313
543,314
544,306
547,306
548,306
551,305
552,305
554,301
513,303
514,308
515,305
515,308
516,308
517,308
518,308
518,309
519,308
519,309
520,305
521,305
522,305
523,305
524,304
524,305
525,304
525,305
526,305
530,305
530,311
530,312
531,311
532,311
532,312
534,312
536,314
537,315
538,315
549,316
551,316
553,317
554,317
555,316
555,317
556,316
557,315
557,316
558,315
559,315
560,317
561,316
561,317
566,314
567,314
546,315
546,316
548,315
548,316
560,315
573,313
540,315
543,315
593,309
594,309
600,309
600,310
601,310
602,308
603,310
604,309
606,310
585,310
585,312
587,310
588,311
589,309
590,309
591,311
596,309
596,311
603,308
512,304
513,304
514,304
515,304
516,304
517,304
518,304
519,304
510,304
512,306
516,303
519,310
521,310
523,311
511,303
511,304
517,309
518,305
518,310
519,305
520,304
520,308
521,304
522,304
525,310
526,310
526,312
527,305
527,312
528,305
529,305
531,313
532,313
533,311
533,314
535,312
536,304
536,312
564,296
569,292
564,295
565,295
531,305
611,309
643,277
645,278
646,280
647,279
639,280
640,276
644,277
646,279
608,276
612,276
613,276
613,279
614,276
614,279
616,275
617,275
619,275
710,261
722,272
723,272
724,274
725,274
726,277
726,278
726,279
654,232
678,240
702,254
702,255
703,255
706,257
707,258
713,263
714,264
724,275
725,273
725,276
725,277
725,278
725,279
726,281
727,280
727,281
648,231
649,231
652,231
658,232
659,232
661,233
661,234
662,234
665,234
665,235
666,236
667,235
667,236
668,235
669,235
670,235
670,236
670,237
671,236
672,235
673,237
674,238
675,238
679,241
679,242
680,242
681,242
682,243
683,243
695,250
696,251
715,265
726,285
727,283
727,284
727,285
728,282
728,283
728,284
727,287
727,289
725,290
726,290
717,266
718,267
720,266
722,270
723,271
724,271
675,239
712,262
715,264
726,288
727,288
687,245
688,245
708,258
717,265
723,270
690,247
655,233
676,239
727,282
694,249
619,227
620,227
621,227
626,228
627,228
627,229
628,229
642,230
644,231
632,229
633,229
634,230
635,228
636,229
672,236
672,237
672,238
634,229
635,229
602,226
616,227
617,226
617,227
618,227
620,228
621,228
622,228
623,228
625,229
626,229
629,229
630,229
638,229
639,229
643,230
643,231
633,227
634,227
610,226
611,226
607,226
614,226
644,230
650,232
606,226
612,226
630,230
645,230
645,231
613,226
614,227
632,228
640,229
606,225
608,226
613,225
647,232
696,250
697,251
697,252
698,251
698,252
699,252
700,252
701,253
704,256
704,257
709,258
688,246
689,246
698,253
699,253
705,257
706,256
706,258
709,260
710,260
711,262
718,266
720,270
721,270
703,256
704,255
707,257
709,259
716,265
723,273
724,272
724,273
725,275
726,276
726,280
727,277
705,256
720,269
721,268
727,276
727,278
727,279
685,244
686,244
722,294
723,295
724,291
724,295
725,280
725,281
725,282
725,283
725,284
725,286
725,287
726,282
726,283
726,286
726,287
720,299
718,298
719,298
720,296
720,297
721,296
725,291
725,292
725,293
715,299
716,299
718,299
719,299
685,305
684,305
683,305
682,304
682,305
724,293
724,294
725,294
707,300
706,300
708,301
710,301
711,301
709,302
712,302
701,302
702,301
702,302
691,304
685,304
722,296
722,297
723,297
724,297
719,300
712,301
713,301
715,301
717,301
718,301
696,303
693,248
726,293
712,300
713,300
714,300
715,300
716,300
718,300
700,302
695,304
694,304
693,304
663,306
717,299
720,298
717,300
719,297
721,295
723,293
723,294
725,288
714,302
715,302
721,297
721,298
722,298
678,304
689,304
675,302
676,303
687,304
686,304
688,305
689,305
690,304
679,303
698,302
698,303
695,303
685,303
698,301
683,303
686,305
687,305
690,305
691,305
692,304
692,305
700,300
701,300
702,300
680,305
656,232
656,233
657,232
657,233
658,233
659,233
660,233
663,233
663,234
664,235
669,236
678,239
650,231
651,231
654,233
655,232
667,234
676,238
677,239
679,240
682,242
646,230
647,230
647,231
651,232
652,232
629,230
631,230
633,228
636,228
637,229
649,232
634,228
660,305
661,306
666,304
660,303
665,303
665,304
665,305
666,302
666,303
667,302
668,302
669,302
670,302
671,302
671,303
663,305
672,302
672,303
664,305
673,302
673,303
673,304
674,303
716,266
717,267
719,267
720,267
721,267
718,268
719,268
721,269
722,269
723,269
725,272
708,259
711,261
713,261
713,262
714,263
716,264
711,260
712,260
717,264
712,261
714,262
691,247
690,246
692,247
696,249
714,299
716,298
682,241
687,244
690,245
717,298
699,301
703,299
703,300
703,301
703,302
704,299
704,300
705,299
705,300
706,299
707,299
708,302
709,301
709,303
710,302
710,303
711,302
684,303
692,303
698,300
700,301
690,303
691,302
691,303
592,228
584,233
581,235
580,235
574,240
593,227
594,227
602,227
605,225
577,238
576,238
551,252
588,231
587,231
590,229
591,228
591,229
601,227
609,226
589,230
589,231
587,232
585,232
585,233
583,234
582,234
582,235
577,237
574,241
572,241
600,227
583,233
573,240
573,241
607,225
575,239
588,232
587,233
581,236
580,236
579,236
579,237
578,238
577,239
576,239
572,242
571,242
570,243
561,247
561,248
590,230
586,233
570,242
565,245
555,250
597,226
597,227
598,226
595,226
595,227
596,226
596,227
599,226
599,227
598,227
603,227
552,252
552,253
553,251
553,252
554,252
559,249
564,246
565,246
592,227
600,226
603,226
604,226
604,224
604,225
545,256
539,261
540,260
541,259
542,258
542,259
543,258
545,257
544,257
546,256
546,257
547,256
548,255
548,256
549,255
549,254
550,253
550,254
555,251
556,251
557,250
558,249
563,247
556,250
557,249
562,248
563,248
566,244
567,244
568,244
568,243
560,249
530,264
536,263
531,264
536,262
537,262
533,264
534,263
538,261
538,262
541,260
534,264
535,262
535,263
641,230
641,231
616,225
616,226
618,226
619,226
624,229
628,228
631,229
605,226
607,227
610,225
612,227
615,226
615,227
616,228
618,228
609,224
623,227
