600,346
597,346
595,346
595,347
591,347
589,348
588,348
587,348
585,349
583,350
582,350
578,352
558,362
560,362
558,363
584,323
588,321
591,319
615,347
614,347
613,347
612,347
611,346
611,347
610,346
610,347
609,346
609,347
608,346
608,347
607,346
607,347
606,346
606,347
605,346
605,347
603,346
603,347
602,346
602,347
601,346
601,347
600,347
599,346
599,347
598,346
598,347
597,347
596,346
596,347
594,347
591,348
590,347
590,348
590,349
589,349
589,350
588,349
588,350
587,349
585,350
586,348
586,349
586,350
584,349
584,350
583,351
582,351
581,351
580,351
580,352
579,352
577,352
557,362
559,362
555,363
556,363
557,363
559,363
553,364
554,364
555,364
556,364
557,364
551,356
551,357
552,365
553,365
554,365
555,365
550,357
552,366
549,357
549,358
548,357
548,358
547,358
552,367
546,358
550,368
548,369
540,361
536,364
535,367
538,371
584,324
585,323
588,320
589,320
590,319
590,320
592,318
592,319
593,317
593,318
594,317
596,315
596,316
597,315
597,316
598,316
600,315
602,316
603,315
604,314
604,315
607,315
614,316
641,319
571,355
567,356
566,357
554,352
626,349
627,349
627,350
630,350
632,351
617,347
578,351
577,351
576,351
573,333
572,333
572,334
571,334
571,335
571,336
570,335
570,336
569,335
569,337
568,337
568,339
567,337
567,338
572,353
573,353
566,339
566,340
566,341
565,340
565,341
570,354
571,354
572,354
573,354
574,354
564,341
564,342
563,341
563,342
562,344
568,355
570,355
572,355
561,345
566,356
568,356
560,346
565,357
567,357
559,347
559,348
566,358
558,348
558,349
557,349
556,350
555,351
561,360
562,360
563,360
564,360
553,353
535,368
572,332
573,331
573,332
576,329
577,329
578,328
578,329
580,326
580,327
580,328
583,323
629,316
629,317
635,318
636,318
646,319
647,319
649,320
622,348
622,349
623,348
623,349
624,349
625,349
625,350
626,350
628,349
628,350
629,350
629,351
635,352
621,347
621,349
620,347
620,348
619,347
619,348
618,347
611,348
610,348
609,345
608,348
604,348
603,348
600,345
599,345
598,345
597,345
582,349
578,350
573,334
572,335
571,333
570,333
570,334
570,337
569,334
569,336
568,340
567,339
567,340
571,353
566,338
565,339
565,342
575,354
564,340
563,344
562,342
562,345
569,355
573,355
574,355
565,356
570,356
571,356
564,357
568,357
569,357
567,358
558,350
557,350
556,351
561,359
562,361
553,355
552,356
536,363
534,368
572,331
573,330
574,329
574,332
575,331
576,327
576,331
577,326
577,327
577,330
578,325
578,326
578,327
579,325
579,326
579,328
582,323
586,321
586,323
587,319
587,322
587,323
588,319
588,322
590,318
591,318
592,316
593,316
595,318
597,317
598,317
606,314
608,315
609,315
611,316
612,315
616,315
617,315
617,316
618,315
618,317
619,316
620,315
620,316
621,315
626,316
626,317
630,316
630,317
633,317
633,318
634,317
634,318
635,317
636,317
637,318
638,318
638,319
639,318
639,319
640,318
641,318
642,318
643,318
644,319
645,320
646,320
647,320
620,349
619,349
618,349
617,349
615,346
613,346
606,348
605,345
605,348
604,345
602,345
602,348
601,345
601,348
599,348
596,345
593,346
593,349
592,346
592,349
591,346
591,349
590,350
587,347
584,348
582,352
579,350
574,352
570,338
568,336
564,343
564,344
563,345
561,343
560,347
562,358
560,360
554,354
559,361
554,363
552,364
551,355
550,355
550,356
553,366
545,358
543,359
544,359
542,359
541,359
540,360
548,370
539,362
537,362
537,364
538,362
538,363
535,365
535,366
574,328
575,328
575,332
579,324
580,323
580,324
581,323
585,324
586,320
589,318
589,319
594,315
595,314
595,317
596,314
596,317
598,315
599,314
599,315
599,317
600,313
600,314
600,316
601,313
601,314
601,315
601,316
602,313
602,314
603,314
605,316
606,316
607,314
608,314
609,314
609,316
610,314
610,316
611,314
612,314
612,316
613,314
613,315
614,314
615,314
615,316
619,315
621,317
622,317
627,316
631,318
632,317
632,318
640,319
616,347
613,348
594,346
593,347
593,348
588,347
583,349
569,338
568,338
576,353
577,353
564,358
563,359
555,352
554,353
553,354
552,355
534,367
575,329
577,328
581,325
581,326
582,324
582,325
583,325
585,322
594,318
610,315
611,315
618,316
622,316
623,316
624,317
625,316
627,317
642,319
630,351
633,351
635,353
636,352
636,353
569,356
568,358
579,327
581,327
649,321
650,320
650,321
651,320
652,320
654,321
655,321
654,322
655,322
653,321
621,348
618,348
617,348
616,348
614,346
612,346
612,348
604,346
604,347
594,348
592,348
580,350
578,353
563,343
562,343
561,344
561,346
562,359
565,359
574,330
574,331
575,330
576,328
580,325
581,324
584,322
586,322
587,321
603,316
605,314
605,315
606,315
621,316
645,319
592,347
589,347
576,352
575,352
574,353
575,353
564,359
583,324
624,316
643,319
615,348
614,348
581,352
579,353
558,361
556,362
549,356
547,357
539,361
537,363
536,370
536,371
587,320
592,317
594,316
595,315
595,316
602,315
604,316
613,316
614,315
615,315
616,316
623,317
575,327
576,326
577,325
579,329
582,322
583,322
584,321
585,321
590,317
591,316
591,317
593,315
586,324
597,314
598,314
603,313
607,316
548,359
548,367
544,362
544,363
543,360
545,368
542,360
542,364
541,364
541,365
541,366
541,367
541,369
542,369
544,369
545,369
540,365
540,366
540,367
540,368
540,369
540,370
541,370
542,370
540,371
542,371
545,371
539,365
539,370
539,371
546,360
549,367
543,362
546,368
547,368
542,361
542,362
542,363
541,363
543,369
540,364
543,370
544,370
545,370
546,370
543,371
546,359
545,360
545,361
550,367
544,360
544,361
543,361
546,369
547,369
544,371
543,372
547,360
550,358
550,365
554,366
545,359
545,362
553,367
541,360
550,369
547,370
546,371
539,363
539,372
541,372
545,372
546,372
538,367
538,368
538,369
537,365
537,366
537,369
539,373
543,373
544,373
536,369
547,359
551,365
546,361
549,366
550,366
549,368
551,368
541,361
549,369
540,362
540,363
539,364
539,368
539,369
544,372
538,364
538,365
538,366
538,370
560,361
561,361
551,366
551,367
548,368
541,362
540,372
542,372
538,372
548,366
547,367
546,367
543,363
543,364
542,365
541,368
551,369
541,371
539,366
539,367
537,370
537,371
537,372
540,373
541,373
542,373
534,366
552,354
555,350
556,349
558,347
559,346
560,345
579,351
581,350
553,352
555,349
556,348
557,347
557,348
551,354
552,353
554,351
557,346
558,346
559,345
560,344
563,358
561,362
550,354
551,353
625,317
620,317
625,315
628,316
628,317
648,319
656,321
657,322
659,322
659,323
660,323
661,323
662,323
653,320
656,322
651,321
652,321
653,322
543,368
544,368
544,367
565,358
617,317
619,317
622,315
623,315
624,315
627,318
628,318
629,318
631,316
631,317
651,322
655,323
656,323
657,323
648,343
653,344
654,344
653,345
654,345
655,345
654,346
655,346
656,346
658,347
660,349
661,349
662,349
663,349
664,349
665,349
666,349
660,350
661,350
662,350
663,350
664,350
665,350
666,350
669,349
670,350
670,351
667,352
668,352
670,352
671,350
671,351
671,352
672,350
672,352
696,358
698,359
642,338
643,338
643,339
643,340
644,339
644,340
645,339
645,340
652,322
648,342
652,345
667,350
668,350
669,350
667,351
668,351
669,351
673,351
673,352
674,350
674,352
675,350
675,351
676,350
676,351
676,352
677,350
678,350
678,352
678,353
681,352
681,353
682,353
683,352
684,353
686,355
687,354
688,355
689,355
690,355
691,355
692,355
692,356
693,355
693,356
694,356
695,356
697,356
697,358
698,356
699,357
702,358
703,358
703,359
704,360
701,361
707,361
708,361
708,362
709,362
646,340
649,342
695,357
702,359
707,360
678,351
687,355
696,357
697,357
698,357
698,358
699,358
699,359
702,360
703,360
706,360
706,361
672,351
677,351
688,356
700,360
701,360
704,359
705,360
700,358
700,359
701,358
701,359
679,352
680,353
681,351
682,352
682,354
683,353
684,354
685,353
685,355
686,354
687,356
689,354
690,354
690,357
691,356
691,357
694,357
684,352
689,356
690,356
696,356
714,364
715,364
715,365
713,364
714,363
714,365
715,366
716,363
716,364
716,365
717,364
717,365
718,365
720,365
720,366
721,366
722,366
723,366
723,367
711,363
710,362
711,362
710,361
709,361
709,363
711,364
712,363
713,363
709,360
712,364
718,364
719,366
736,371
732,370
731,370
731,371
730,369
730,370
739,371
740,371
742,370
742,371
743,370
744,370
745,369
745,370
746,368
733,371
733,370
734,371
734,372
747,368
748,368
728,370
729,370
729,371
731,372
727,370
736,372
743,371
744,369
745,368
728,369
729,369
730,371
726,368
725,369
725,368
724,368
727,369
720,367
726,369
723,368
724,369
722,367
724,367
740,370
741,370
738,371
736,373
737,371
737,372
737,373
742,372
739,372
740,372
741,371
738,372
739,373
735,371
735,372
744,371
745,371
746,369
747,369
749,367
749,366
749,363
749,364
750,359
750,360
750,361
750,362
750,363
750,364
750,365
751,359
751,360
751,361
751,362
751,363
751,364
751,365
748,342
748,343
749,343
749,344
749,345
750,346
750,347
750,348
750,349
750,350
750,351
751,348
751,350
751,351
750,355
750,356
751,356
750,357
751,357
750,358
751,358
750,352
751,352
750,353
751,353
750,354
751,354
751,355
735,370
747,367
748,365
748,366
748,367
752,362
752,363
730,318
731,317
731,318
731,319
732,317
732,318
732,319
732,320
733,318
733,319
733,321
733,322
734,321
734,322
736,326
737,326
737,327
738,327
747,341
748,341
749,346
749,361
749,362
749,365
750,366
750,367
751,366
749,342
749,347
749,348
749,349
749,350
749,351
749,352
749,353
749,354
750,343
750,344
750,345
751,345
751,346
751,347
751,349
752,353
743,334
743,335
743,336
744,336
742,332
742,333
744,337
745,337
745,338
746,338
747,338
747,339
747,340
748,339
740,329
740,330
740,328
740,331
741,330
741,331
741,332
745,340
746,339
746,340
746,341
740,332
741,333
730,317
735,325
737,328
739,329
739,330
742,331
745,336
738,328
738,329
742,334
743,332
743,333
733,320
734,320
734,323
734,324
735,322
736,324
736,325
735,323
735,324
730,315
730,316
730,312
731,316
729,315
729,316
710,294
711,295
712,297
713,297
714,296
718,299
722,302
722,303
722,304
723,303
723,304
723,305
724,304
724,305
724,306
724,307
725,306
725,307
726,308
726,309
727,310
704,289
704,290
705,290
711,294
713,296
717,299
719,299
719,300
720,300
721,301
722,301
722,305
723,306
725,305
725,308
654,273
655,274
664,276
665,276
670,279
679,280
680,280
680,281
681,282
682,282
686,283
686,284
688,285
689,285
691,285
692,285
692,286
693,286
694,286
694,287
697,287
700,290
701,290
644,270
645,271
646,272
647,272
647,273
648,273
653,273
653,274
654,275
655,275
656,274
656,275
657,274
657,275
658,274
658,275
658,276
659,274
659,275
660,274
660,275
661,276
662,275
662,276
663,275
665,278
669,278
670,278
672,278
672,280
673,279
673,280
674,279
674,280
675,280
676,280
677,280
678,280
678,281
679,281
683,282
684,282
685,282
685,284
664,277
665,277
666,277
644,272
648,272
649,272
651,272
651,273
652,274
668,277
668,278
684,283
647,274
681,280
697,288
698,289
654,274
661,275
663,276
667,277
685,283
672,279
671,279
698,287
687,283
687,284
689,284
690,284
690,285
699,288
700,289
681,281
682,281
687,285
688,283
689,283
696,287
696,288
698,288
699,289
700,288
691,286
695,287
699,290
582,269
603,266
604,266
615,266
616,266
616,267
617,266
617,267
618,266
618,267
619,265
619,266
620,265
620,266
621,266
622,267
623,267
629,269
634,269
635,269
637,269
579,270
580,269
580,270
581,268
582,268
583,268
585,267
591,266
594,266
595,265
595,266
596,266
597,265
597,266
598,266
599,266
608,265
609,265
609,266
610,264
610,265
611,264
611,265
612,265
586,267
587,267
588,266
598,265
599,265
600,266
601,265
601,266
602,265
602,266
603,265
604,265
605,265
605,266
606,265
606,266
625,267
627,268
630,269
630,270
631,269
631,270
632,268
633,269
633,270
634,270
636,271
637,271
638,270
639,270
645,273
587,266
589,266
590,266
599,264
604,264
607,266
612,264
613,264
613,265
614,265
621,265
622,266
623,266
624,266
624,267
626,267
627,267
627,269
628,267
628,268
629,270
630,271
638,269
639,269
639,271
640,270
640,271
641,270
642,270
642,271
643,270
645,270
636,270
635,270
636,269
585,268
626,268
632,269
593,266
594,265
600,265
607,265
608,266
632,270
633,271
642,272
643,271
643,272
578,269
592,265
592,266
593,265
600,264
601,264
606,264
567,275
567,276
568,274
569,274
570,273
570,274
566,276
557,282
557,283
556,283
556,284
555,284
549,288
548,289
548,290
547,290
546,291
568,276
569,275
577,269
566,277
565,276
565,278
564,278
562,279
561,279
561,280
560,281
559,281
559,282
558,282
553,285
552,286
551,288
551,286
543,293
543,294
542,294
535,301
535,302
533,304
532,304
527,311
550,287
526,312
524,313
524,314
566,275
557,284
555,285
554,284
554,285
572,272
574,271
574,272
584,268
576,270
576,271
577,270
571,274
573,273
575,271
578,270
579,269
584,267
545,292
568,275
571,273
572,273
565,277
564,277
563,277
563,278
562,278
560,279
560,280
559,280
550,288
573,272
544,293
541,294
541,295
539,296
539,297
539,298
538,297
538,298
538,299
537,299
536,300
536,301
530,308
529,309
528,309
528,310
528,311
523,314
523,315
534,302
534,303
551,285
542,295
541,296
540,298
532,305
531,305
530,306
526,310
526,311
525,311
506,321
507,321
508,320
508,321
509,320
509,321
510,321
511,321
516,320
517,320
517,321
518,320
518,321
519,320
520,319
524,312
504,320
505,320
505,321
506,320
507,320
514,320
515,320
515,321
516,321
520,318
525,312
521,316
522,316
522,315
530,307
531,306
531,307
537,298
505,322
506,322
507,322
508,322
509,322
510,322
511,322
515,318
515,319
496,318
501,318
501,319
502,319
502,321
503,320
502,320
519,319
581,270
583,269
585,269
586,269
586,268
587,268
588,267
588,268
581,269
584,269
716,298
717,298
714,298
715,298
716,299
719,301
709,293
714,297
715,297
712,296
726,307
708,294
709,294
728,311
729,310
730,311
728,310
727,308
727,309
729,311
716,297
718,298
718,300
718,301
729,314
730,314
711,296
720,302
721,302
709,295
710,295
711,297
720,301
703,289
701,289
702,289
688,284
644,271
645,272
652,273
703,292
637,270
729,312
731,314
731,315
702,290
703,290
655,347
656,347
657,347
657,348
658,348
659,347
659,348
659,349
661,351
663,351
664,348
664,351
665,348
666,348
666,352
708,293
707,294
707,293
533,365
533,366
534,365
535,369
536,368
537,368
537,367
548,356
556,365
536,365
550,359
551,358
585,351
